A108732A_58550-BB_B, 219, 219, 219
A108746A_AT300608_A, 280, 333, 333
A108746B_AT300607_A, 192, 208, 208
A108748A_AT31021_A, 287, 371, 371
A108748B_AT31024_A, 314, 366, 366
A108754A_AT300737_A, 96, 103, 103
A108754B_AT300849_A, 13, 13, 13
A108757B_58527-BB_A, 395, 395, 395
A108759B_58550-BB_A, 330, 330, 330
A108760A_58549-BB_A, 225, 225, 225
A108760B_58548-BB_A, 414, 414, 414
A108768B_58527-BB_A, 251, 251, 251
A108790A_AT300738_A, 443, 591, 591
A108790B_AT300850_A, 356, 407, 407
A108833B_58543-BB_A, 0, 129, 129
A108837A_58544-BB_A, 395, 395, 395
A108842A_58608-BB_A, 369, 369, 369
A108843B_58549-BB_A, 338, 338, 338
A108846A_58609-BB_A, 427, 427, 427
A108846B_58608-BB_A, 566, 566, 566
A108851B_58543-BB_A, 265, 265, 265
A108863A_58544-BB_A, 249, 249, 249
A108870A_58546-BB_A, 482, 482, 482
A108875A_AT17080_A, 429, 684, 684
A108875B_AT17081_A, 528, 603, 603
A108879A_58545-BB_A, 575, 575, 575
A110615A_58624-BB_B, 35, 35, 35
A110616A_AT3_A, 713, 716, 716
A110617A_AT5_A, 119, 119, 119
A110618A_58616-BB_A, 824, 824, 824
A110618B_58615-BB_A, 482, 482, 482
A110621A_58625-BB_A, 467, 467, 467
A110632A_58620-BB_A, 744, 744, 744
A110632B_58619-BB_A, 614, 614, 614
A110646B_AT1_A, 447, 447, 447
A110663A_58623-BB_A, 427, 427, 427
A110663B_58624-BB_A, 283, 283, 283
A110673A_58621-BB_A, 774, 774, 774
A110673B_58622-BB_A, 723, 723, 723
A110727A_58617-BB_A, 575, 575, 575
A110727B_58618-BB_A, 745, 745, 745
A118338A_AT10214_A, 312, 352, 352
A118338B_AT10215_A, 237, 293, 293
A118345A_AT10216_A, 285, 288, 288
A118346B_AT8_A, 186, 186, 186
A118348B_AT10213_A, 401, 527, 527
A118357A_AT7_A, 516, 518, 518
A118361A_AT13875_A, 186, 408, 408
A118361B_AT13876_A, 167, 174, 174
A118363A_AT13873_A, 222, 317, 317
A118363B_AT13874_A, 186, 261, 261
A118388A_AT10097_A, 0, 555, 0
A118388B_AT10098_A, 0, 655, 0
A118397A_AT9253_A, 208, 445, 445
A118409B_10375-CL_A, 0, 107, 107
A118413A_AT10099_A, 40, 40, 40
A118413B_AT10125_A, 66, 67, 67
A118423A_AT9255_A, 417, 417, 417
A118423B_AT9256_A, 206, 206, 206
A118807A_58551-BB_A, 663, 663, 663
A118807B_58552-BB_A, 445, 445, 445
A118820A_58554-BB_A, 470, 470, 470
A118820B_58553-BB_A, 161, 161, 161
A118825A_AT2_A, 526, 526, 526
A118825B_AT4_A, 416, 416, 416
A118830A_58610-BB_A, 509, 509, 509
A118833A_58612-BB_A, 557, 557, 557
A118833B_58611-BB_A, 550, 550, 550
A118845B_58558-BB_A, 224, 224, 224
A118850B_AT16175_A, 0, 0, 0
A118862A_58613-BB_A, 557, 557, 557
A118862B_58614-BB_A, 604, 604, 604
A118866A_AT5_A, 350, 350, 350
A118869A_58557-BB_A, 381, 381, 381
A118869B_58556-BB_A, 319, 319, 319
A118871A_AT17082_A, 292, 292, 292
A118871B_AT17083_A, 452, 467, 467
A118887A_AT31028_A, 614, 770, 770
A118887B_AT31031_A, 483, 727, 727
A118888A_AT31034_A, 325, 447, 447
A118888B_AT31037_A, 0, 685, 0
A118889A_AT31877_A, 316, 316, 316
A118889B_AT31879_A, 376, 376, 376
A118890A_AT31022_A, 370, 502, 502
A118890B_AT31025_A, 512, 658, 658
A118891A_AT31033_A, 209, 236, 236
A118891B_AT31036_A, 31, 33, 33
A130820A_AT18985_A, 681, 681, 681
A130820B_AT18986_A, 344, 562, 562
A130826A_AT18985_A, 803, 803, 803
A130826B_AT18986_A, 270, 735, 735
A130829A_AT18351_A, 376, 376, 376
A130829B_AT18352_A, 377, 397, 397
A130832A_AT18983_A, 106, 110, 110
A130832B_AT18984_A, 106, 108, 108
A130833A_AT18353_A, 750, 750, 750
A130833B_AT12575_A, 284, 488, 488
A130851A_AT20060_A, 162, 249, 249
A130851B_AT20061_A, 211, 268, 268
A130855A_AT20066_A, 288, 541, 541
A130855B_AT20067_A, 256, 321, 321
A131143A_AT11607_A, 397, 575, 575
A131143B_AT11608_A, 663, 750, 750
A131195A_AT11609_A, 208, 208, 208
A131195B_AT11610_A, 552, 593, 593
A131224A_AT10249_A, 504, 664, 664
A131224B_AT10250_A, 283, 375, 375
A131227A_AT14875_A, 72, 72, 72
A131227B_AT14876_A, 118, 121, 121
A138871A_AT18456_A, 161, 183, 183
A138871B_AT18457_A, 258, 298, 298
A138873B_AT18455_A, 52, 56, 56
A138884A_AT18977_A, 239, 239, 239
A138884B_AT18978_A, 124, 153, 153
A138888A_AT18454_A, 586, 696, 696
A138888B_AT18455_A, 558, 856, 856
A138891A_AT18975_A, 369, 398, 398
A138891B_AT18976_A, 351, 408, 408
A143821A_AT28551_A, 535, 866, 866
A143821B_AT28552_A, 578, 695, 695
A143897A_AT28561_A, 718, 722, 722
A143897B_AT28562_A, 636, 637, 637
A143907A_AT25988_A, 301, 301, 301
A143907B_AT25989_A, 229, 232, 232
A143910A_AT25980_A, 726, 727, 727
A143910B_AT25981_A, 0, 710, 0
A143914A_AT25984_A, 471, 492, 492
A143914B_AT25985_A, 361, 361, 361
A143922A_AT25528_A, 304, 337, 337
A143922B_AT25529_A, 242, 281, 281
A143931A_AT25534_A, 155, 207, 207
A143932A_AT25978_A, 421, 591, 591
A143932B_AT25979_A, 528, 528, 528
A143934A_AT25530_A, 393, 431, 431
A143934B_AT25531_A, 338, 367, 367
A143943A_AT25978_A, 483, 689, 689
A143943B_AT25979_A, 553, 553, 553
A143946B_AT25532_A, 157, 160, 160
A143947A_AT25986_A, 441, 452, 452
A143947B_AT25987_A, 685, 686, 686
A143949B_AT25533_A, 154, 157, 157
A143951A_AT25982_A, 417, 426, 426
A143951B_AT25983_A, 717, 718, 718
A146246A_AT28563_A, 437, 437, 437
A146246B_AT28564_A, 0, 590, 0
A146249A_AT28557_A, 318, 357, 357
A146249B_AT28558_A, 323, 450, 450
A146252A_AT28567_A, 357, 357, 357
A146252B_AT28568_A, 615, 620, 620
A146255A_AT28929_A, 790, 803, 803
A146255B_AT28928_A, 772, 775, 775
A146264A_AT31887_A, 165, 165, 165
A146264B_AT31885_A, 58, 58, 58
A146303A_AT31889_A, 454, 454, 454
A146303B_AT31891_A, 519, 519, 519
A146308A_AT31897_A, 263, 263, 263
A146308B_AT31899_A, 692, 692, 692
A146309A_AT31893_A, 258, 258, 258
A146309B_AT31895_A, 93, 93, 93
A146324A_AT28553_A, 378, 439, 439
A146324B_AT28554_A, 365, 416, 416
A146335A_AT28920_A, 98, 109, 109
A146335B_AT28921_A, 40, 41, 41
A146338A_AT28924_A, 512, 676, 676
A146338B_AT28925_A, 424, 696, 696
A146345A_AT31021_A, 175, 203, 203
A146345B_AT31024_A, 30, 30, 30
A146348A_AT28930_A, 547, 547, 547
A146348B_AT28931_A, 648, 648, 648
A146349A_AT28922_A, 421, 644, 644
A146349B_AT28923_A, 214, 256, 256
A146355A_AT28926_A, 804, 805, 805
A146355B_AT28927_A, 943, 945, 945
A146361A_AT31027_A, 352, 376, 376
A146361B_AT31030_A, 34, 36, 36
A147060A_AT300743_A, 156, 187, 187
A147060B_AT300855_A, 110, 115, 115
A147073A_AT301269_A, 416, 610, 610
A147073B_AT301268_A, 360, 372, 372
A147116A_AT301621_A, 142, 153, 153
A147116B_AT301623_A, 103, 112, 112
A147168A_AT301267_A, 149, 152, 152
A149343A_AT301985_A, 148, 153, 153
A149343B_AT301637_A, 67, 72, 72
A149345A_AT301030_A, 345, 431, 431
A149345B_AT301034_A, 298, 387, 387
A149349A_AT33572_A, 223, 256, 256
A149349B_AT33569_A, 322, 403, 403
A149351A_AT301031_A, 352, 445, 445
A149351B_AT301032_A, 281, 329, 329
A149360A_AT34343_A, 579, 830, 830
A149360B_AT34346_A, 757, 781, 781
A149362A_AT301620_A, 344, 408, 408
A149362B_AT301622_A, 218, 223, 223
A149380A_AT300739_A, 168, 209, 209
A149380B_AT300851_A, 148, 154, 154
A149385A_AT301627_A, 84, 87, 87
A149385B_AT301629_A, 147, 157, 157
A149388A_AT300740_A, 367, 510, 510
A149388B_AT300852_A, 138, 157, 157
A149391A_AT300741_A, 234, 308, 308
A149391B_AT300853_A, 145, 158, 158
A149401A_AT300736_A, 383, 506, 506
A149401B_AT300848_A, 190, 198, 198
A149734A_AT301636_A, 331, 476, 476
A149734B_AT301984_A, 83, 92, 92
A149774A_AT301628_A, 312, 400, 400
A149774B_AT301626_A, 97, 99, 99
A153286A_AT33260_A, 458, 548, 548
A153286B_AT33262_A, 181, 190, 190
A153347A_AT33760_A, 191, 229, 229
A153347B_AT33763_A, 17, 17, 17
A153401A_AT34342_A, 91, 98, 98
A153401B_AT34345_A, 443, 454, 454
A153403A_AT33572_A, 44, 45, 45
A153403B_AT33569_A, 54, 55, 55
A153419A_AT33762_A, 153, 176, 176
A153419B_AT33765_A, 14, 14, 14
A153428A_AT33573_A, 87, 91, 91
A153428B_AT33570_A, 217, 249, 249
A95625A_58524-BB_C, 22, 22, 22
A95625A_58525-BB_A, 16, 16, 16
A95625A_58525-BB_B, 84, 84, 84
A95675A_58583-BB_A, 136, 136, 136
A95697A_58524-BB_A, 52, 52, 52
A95720A_58584-BB_A, 91, 91, 91
A95724A_58572-BB_A, 179, 179, 179
A96172A_58563-BB_B, 377, 377, 377
A96201A_58572-BB_A, 211, 211, 211
A96233A_58517-BB_A, 278, 278, 278
A96244B_58516-BB_A, 138, 138, 138
A98168A_58541-BB_A, 148, 148, 148
A98168B_58540-BB_A, 342, 342, 342
A98172B_58595-BB_A, 413, 413, 413
A98176A_58602-BB_A, 491, 491, 491
A98176B_58603-BB_A, 624, 624, 624
A98187A_AT13847_A, 106, 106, 106
A98187B_AT13848_A, 317, 329, 329
A98234A_58605-BB_A, 481, 481, 481
A98234B_58604-BB_A, 1046, 1046, 1046
A98244A_58541-BB_A, 55, 55, 55
A98253B_58542-BB_A, 342, 342, 342
A98255B_58595-BB_A, 436, 436, 436
A98256B_58542-BB_A, 362, 362, 362
A98257B_58609-BB_A, 88, 88, 88
A98258B_58604-BB_A, 356, 356, 356
A98259B_58538-BB_A, 246, 246, 246
A98268A_AT31881_A, 688, 688, 688
A98268B_AT31883_A, 541, 541, 541
A98284B_58600-BB_A, 541, 541, 541
A98285A_58526-BB_A, 380, 380, 380
A98287A_58539-BB_A, 204, 204, 204
A98289B_58598-BB_A, 540, 540, 540
A98293B_58602-BB_A, 84, 84, 84
A98294A_58599-BB_A, 246, 246, 246
A98304A_58595-BB_B, 78, 78, 78
A98308A_AT13845_A, 330, 447, 447
A98308B_AT13846_A, 437, 497, 497
